-2.356194 -0.615480 0.000000 1.732051
-0.785398 -0.615480 0.000000 1.732051
0.785398 -0.615480 0.000000 1.732051
2.356194 -0.615480 0.000000 1.732051
-2.356194 0.615480 0.000000 1.732051
-0.785398 0.615480 0.000000 1.732051
0.785398 0.615480 0.000000 1.732051
2.356194 0.615480 0.000000 1.732051
-1.570796 -0.364864 0.000000 1.732051
-1.570796 0.364864 0.000000 1.732051
1.570796 -0.364864 0.000000 1.732051
1.570796 0.364864 0.000000 1.732051
3.141593 -1.205932 0.000000 1.732051
3.141593 1.205932 0.000000 1.732051
0.000000 -1.205932 0.000000 1.732051
0.000000 1.205932 0.000000 1.732051
-2.776729 0.000000 0.000000 1.732051
2.776729 0.000000 0.000000 1.732051
-0.364864 0.000000 0.000000 1.732051
0.364864 0.000000 0.000000 1.732051
